Accuracy: 0.5529411764705883, f1: 0.9347826086956522
Accuracy: 0.5882352941176471, f1: 0.9024390243902439
Accuracy: 0.6588235294117647, f1: 0.8941176470588236
Accuracy: 0.7529411764705882, f1: 0.9484536082474226
Accuracy: 0.5058823529411764, f1: 0.75
Accuracy: 0.6705882352941176, f1: 0.9090909090909091
Accuracy: 0.5058823529411764, f1: 0.7889908256880734
Accuracy: 0.49411764705882355, f1: 0.8888888888888888
Accuracy: 0.32941176470588235, f1: 0.6666666666666666
Accuracy: 0.43529411764705883, f1: 0.7608695652173914
avg_accuracy: 0.5494117647058824 +- 0.1237688311646293
avg_f1: 0.8444299743944071 +- 0.09518911936233306
