Accuracy: 0.5529411764705883, f1: 0.7640449438202247
Accuracy: 0.6941176470588235, f1: 0.8260869565217391
Accuracy: 0.8117647058823529, f1: 0.9438202247191011
Accuracy: 0.7176470588235294, f1: 0.8823529411764706
Accuracy: 0.5294117647058824, f1: 0.7238095238095238
Accuracy: 0.6588235294117647, f1: 0.9072164948453608
Accuracy: 0.7176470588235294, f1: 0.8571428571428571
Accuracy: 0.788235294117647, f1: 0.9019607843137255
Accuracy: 0.7529411764705882, f1: 0.9183673469387755
Accuracy: 0.8117647058823529, f1: 0.9108910891089109
avg_accuracy: 0.7035294117647058 +- 0.09917770333939502
avg_f1: 0.8635693162396689 +- 0.07172347764295581
