Accuracy: 0.9058823529411765, f1: 0.9306930693069307
Accuracy: 0.7176470588235294, f1: 0.8256880733944955
Accuracy: 0.7529411764705882, f1: 0.8478260869565217
Accuracy: 0.7764705882352941, f1: 0.8125
Accuracy: 0.7529411764705882, f1: 0.8367346938775511
Accuracy: 0.7764705882352941, f1: 0.8349514563106796
Accuracy: 0.7176470588235294, f1: 0.8518518518518519
Accuracy: 0.6705882352941176, f1: 0.75
Accuracy: 0.8941176470588236, f1: 0.970873786407767
Accuracy: 0.6470588235294118, f1: 0.9090909090909091
avg_accuracy: 0.7611764705882353 +- 0.08448227566750784
avg_f1: 0.8570209927196707 +- 0.06370813472075595
