Accuracy: 0.3411764705882353, f1: 0.7747747747747747
Accuracy: 0.6705882352941176, f1: 0.9142857142857143
Accuracy: 0.7176470588235294, f1: 0.9038461538461539
Accuracy: 0.6823529411764706, f1: 0.9459459459459459
Accuracy: 0.6470588235294118, f1: 0.9148936170212766
Accuracy: 0.5411764705882353, f1: 0.875
Accuracy: 0.6352941176470588, f1: 0.9318181818181818
Accuracy: 0.6352941176470588, f1: 0.8051948051948052
Accuracy: 0.6470588235294118, f1: 0.9174311926605505
Accuracy: 0.7529411764705882, f1: 0.9425287356321839
avg_accuracy: 0.6270588235294118 +- 0.11500965307262108
avg_f1: 0.8925719121179587 +- 0.05813707741583001
