Accuracy: 0.5647058823529412, f1: 0.8067226890756303
Accuracy: 0.8823529411764706, f1: 0.9090909090909091
Accuracy: 0.8470588235294118, f1: 0.9
Accuracy: 0.8235294117647058, f1: 0.8979591836734694
Accuracy: 0.7529411764705882, f1: 0.8672566371681416
Accuracy: 0.4470588235294118, f1: 0.75
Accuracy: 0.4235294117647059, f1: 0.6346153846153846
Accuracy: 0.6705882352941176, f1: 0.7964601769911505
Accuracy: 0.8352941176470589, f1: 0.8712871287128713
Accuracy: 0.8705882352941177, f1: 0.9333333333333333
avg_accuracy: 0.711764705882353 +- 0.1759250827933957
avg_f1: 0.836672544266089 +- 0.09149435727901474
