Accuracy: 0.611764705882353, f1: 0.9555555555555556
Accuracy: 0.5294117647058824, f1: 0.891566265060241
Accuracy: 0.5294117647058824, f1: 0.8831168831168831
Accuracy: 0.47058823529411764, f1: 0.7307692307692307
Accuracy: 0.5294117647058824, f1: 0.8141592920353983
Accuracy: 0.5882352941176471, f1: 0.9024390243902439
Accuracy: 0.5058823529411764, f1: 0.8113207547169812
Accuracy: 0.6588235294117647, f1: 0.9361702127659575
Accuracy: 0.6823529411764706, f1: 0.9534883720930233
Accuracy: 0.611764705882353, f1: 0.9069767441860465
avg_accuracy: 0.571764705882353 +- 0.06931310147540613
avg_f1: 0.8785562334689561 +- 0.07221867950561156
