Accuracy: 0.5529411764705883, f1: 0.84
Accuracy: 0.7647058823529411, f1: 0.8941176470588236
Accuracy: 0.8235294117647058, f1: 0.945054945054945
Accuracy: 0.7529411764705882, f1: 0.968421052631579
Accuracy: 0.5176470588235295, f1: 0.8712871287128713
Accuracy: 0.6588235294117647, f1: 0.898876404494382
Accuracy: 0.7411764705882353, f1: 0.9032258064516129
Accuracy: 0.611764705882353, f1: 0.86
Accuracy: 0.6588235294117647, f1: 0.9130434782608695
Accuracy: 0.4823529411764706, f1: 0.8545454545454545
avg_accuracy: 0.6564705882352941 +- 0.11470839615143924
avg_f1: 0.8948571917210537 +- 0.040488477266992416
