Accuracy: 0.7176470588235294, f1: 0.9176470588235294
Accuracy: 0.7294117647058823, f1: 0.9130434782608695
Accuracy: 0.8, f1: 0.8979591836734694
Accuracy: 0.6823529411764706, f1: 0.891566265060241
Accuracy: 0.6941176470588235, f1: 0.9156626506024096
Accuracy: 0.788235294117647, f1: 0.9292929292929293
Accuracy: 0.6470588235294118, f1: 0.8636363636363636
Accuracy: 0.6235294117647059, f1: 0.8627450980392157
Accuracy: 0.5176470588235295, f1: 0.8351648351648352
Accuracy: 0.7411764705882353, f1: 0.8672566371681416
avg_accuracy: 0.6941176470588235 +- 0.0833736926488992
avg_f1: 0.8893974499722004 +- 0.03077167829270133
