Accuracy: 0.8235294117647058, f1: 0.8958333333333334
Accuracy: 0.8470588235294118, f1: 0.9108910891089109
Accuracy: 0.6941176470588235, f1: 0.82
Accuracy: 0.7529411764705882, f1: 0.9433962264150944
Accuracy: 0.8117647058823529, f1: 0.8932038834951457
Accuracy: 0.6352941176470588, f1: 0.7610619469026548
Accuracy: 0.6, f1: 0.7878787878787878
Accuracy: 0.6352941176470588, f1: 0.7479674796747967
Accuracy: 0.8588235294117647, f1: 0.912621359223301
Accuracy: 0.8588235294117647, f1: 0.9333333333333333
avg_accuracy: 0.7517647058823529 +- 0.10232964951722989
avg_f1: 0.8606187439365358 +- 0.07394878796283
