Accuracy: 0.7058823529411765, f1: 0.8181818181818182
Accuracy: 0.7058823529411765, f1: 0.7710843373493976
Accuracy: 0.6352941176470588, f1: 0.7446808510638298
Accuracy: 0.5176470588235295, f1: 0.6470588235294118
Accuracy: 0.7529411764705882, f1: 0.8347826086956521
Accuracy: 0.7529411764705882, f1: 0.8347826086956521
Accuracy: 0.5294117647058824, f1: 0.8723404255319149
Accuracy: 0.5058823529411764, f1: 0.691358024691358
Accuracy: 0.6470588235294118, f1: 0.8181818181818182
Accuracy: 0.6352941176470588, f1: 0.7959183673469388
avg_accuracy: 0.6388235294117647 +- 0.09396229007926339
avg_f1: 0.7828369683267792 +- 0.07029724440146456
