Accuracy: 0.7176470588235294, f1: 0.7857142857142857
Accuracy: 0.6941176470588235, f1: 0.8235294117647058
Accuracy: 0.6941176470588235, f1: 0.8235294117647058
Accuracy: 0.5411764705882353, f1: 0.7422680412371134
Accuracy: 0.6352941176470588, f1: 0.82
Accuracy: 0.6, f1: 0.7560975609756098
Accuracy: 0.7294117647058823, f1: 0.8571428571428571
Accuracy: 0.7176470588235294, f1: 0.7951807228915663
Accuracy: 0.7058823529411765, f1: 0.8333333333333334
Accuracy: 0.7647058823529411, f1: 0.8376068376068376
avg_accuracy: 0.6799999999999999 +- 0.06765132126383631
avg_f1: 0.8074402462431015 +- 0.03686626814453727
