Accuracy: 0.6588235294117647, f1: 0.8148148148148148
Accuracy: 0.7058823529411765, f1: 0.8627450980392157
Accuracy: 0.6352941176470588, f1: 0.8113207547169812
Accuracy: 0.611764705882353, f1: 0.819047619047619
Accuracy: 0.5764705882352941, f1: 0.8113207547169812
Accuracy: 0.611764705882353, f1: 0.8478260869565217
Accuracy: 0.6588235294117647, f1: 0.8235294117647058
Accuracy: 0.47058823529411764, f1: 0.5510204081632653
Accuracy: 0.6588235294117647, f1: 0.8148148148148148
Accuracy: 0.6588235294117647, f1: 0.8247422680412371
avg_accuracy: 0.6247058823529412 +- 0.06478307932166809
avg_f1: 0.7981182031076156 +- 0.08844559455468659
