Accuracy: 0.7411764705882353, f1: 0.8705882352941177
Accuracy: 0.5176470588235295, f1: 0.7304347826086957
Accuracy: 0.7647058823529411, f1: 0.8636363636363636
Accuracy: 0.7058823529411765, f1: 0.7901234567901234
Accuracy: 0.8, f1: 0.9900990099009901
Accuracy: 0.7764705882352941, f1: 0.8666666666666667
Accuracy: 0.7294117647058823, f1: 0.8571428571428571
Accuracy: 0.6, f1: 0.6956521739130435
Accuracy: 0.6235294117647059, f1: 0.8080808080808081
Accuracy: 0.6, f1: 0.7551020408163265
avg_accuracy: 0.6858823529411765 +- 0.09412581663889696
avg_f1: 0.8227526394849992 +- 0.0853810442268015
