Accuracy: 0.6705882352941176, f1: 0.819047619047619
Accuracy: 0.6823529411764706, f1: 0.8113207547169812
Accuracy: 0.6823529411764706, f1: 0.8269230769230769
Accuracy: 0.611764705882353, f1: 0.8041237113402062
Accuracy: 0.6941176470588235, f1: 0.88
Accuracy: 0.6, f1: 0.7166666666666667
Accuracy: 0.5882352941176471, f1: 0.8297872340425532
Accuracy: 0.6588235294117647, f1: 0.8163265306122449
Accuracy: 0.6588235294117647, f1: 0.8431372549019608
Accuracy: 0.6352941176470588, f1: 0.7912087912087912
avg_accuracy: 0.648235294117647 +- 0.03738882019310753
avg_f1: 0.81385416394601 +- 0.04183278516136133
