Accuracy: 0.6588235294117647, f1: 0.8349514563106796
Accuracy: 0.6588235294117647, f1: 0.8148148148148148
Accuracy: 0.6588235294117647, f1: 0.8431372549019608
Accuracy: 0.6588235294117647, f1: 0.819047619047619
Accuracy: 0.6588235294117647, f1: 0.8333333333333334
Accuracy: 0.6470588235294118, f1: 0.7586206896551724
Accuracy: 0.611764705882353, f1: 0.7207207207207207
Accuracy: 0.6588235294117647, f1: 0.819047619047619
Accuracy: 0.6588235294117647, f1: 0.8247422680412371
Accuracy: 0.611764705882353, f1: 0.7678571428571429
avg_accuracy: 0.648235294117647 +- 0.019568588156666095
avg_f1: 0.80362729187303 +- 0.0403455388805441
