Accuracy: 0.700592885375494, f1: 0.9447425381635908
Accuracy: 0.7336956521739131, f1: 0.9405458089668616
Accuracy: 0.7440711462450593, f1: 0.9523478835978836
Accuracy: 0.7539525691699605, f1: 0.943013468013468
Accuracy: 0.733201581027668, f1: 0.9115740740740741
Accuracy: 0.7435770750988142, f1: 0.9429563492063492
Accuracy: 0.7564229249011858, f1: 0.9514790764790765
Accuracy: 0.8112648221343873, f1: 0.9590643274853801
Accuracy: 0.7564229249011858, f1: 0.9465808353992938
Accuracy: 0.7445652173913043, f1: 0.9501104710802494
avg_accuracy: 0.7477766798418972 +- 0.027682929726498624
avg_f1: 0.9442414832466227 +- 0.012745191066255622
