Accuracy: 0.12203557312252963, f1: 0.4822619047619048
Accuracy: 0.19861660079051383, f1: 0.5807453416149069
Accuracy: 0.20059288537549408, f1: 0.5306277056277056
Accuracy: 0.21294466403162055, f1: 0.5335766045548654
Accuracy: 0.3221343873517787, f1: 0.6268939393939393
Accuracy: 0.1793478260869565, f1: 0.5249206349206349
Accuracy: 0.2450592885375494, f1: 0.5950832013123448
Accuracy: 0.1783596837944664, f1: 0.49166666666666664
Accuracy: 0.2564229249011858, f1: 0.5139473684210526
Accuracy: 0.266304347826087, f1: 0.6398380355276907
avg_accuracy: 0.2181818181818182 +- 0.05613898723788664
avg_f1: 0.5519561402801711 +- 0.05526508300367885
