Accuracy: 0.45553359683794464, f1: 0.7559523809523809
Accuracy: 0.4105731225296443, f1: 0.7573559338265221
Accuracy: 0.3769762845849802, f1: 0.7623920913394597
Accuracy: 0.43379446640316205, f1: 0.7893772893772893
Accuracy: 0.4441699604743083, f1: 0.7506993006993008
Accuracy: 0.3651185770750988, f1: 0.7333546030628411
Accuracy: 0.36561264822134387, f1: 0.7413003663003663
Accuracy: 0.4555335968379447, f1: 0.7380952380952381
Accuracy: 0.5118577075098814, f1: 0.7550897170462387
Accuracy: 0.48764822134387353, f1: 0.781439393939394
avg_accuracy: 0.43068181818181817 +- 0.05064332346819497
avg_f1: 0.7565056314639031 +- 0.01788776426796679
