Accuracy: 0.2974308300395257, f1: 0.6219433526999316
Accuracy: 0.24308300395256915, f1: 0.4799280381176933
Accuracy: 0.37845849802371545, f1: 0.6086234660447554
Accuracy: 0.4990118577075099, f1: 0.7116581777023203
Accuracy: 0.3438735177865613, f1: 0.5508250991463333
Accuracy: 0.3339920948616601, f1: 0.554042715484363
Accuracy: 0.36561264822134387, f1: 0.5715949214935017
Accuracy: 0.44219367588932806, f1: 0.6496983408748115
Accuracy: 0.39723320158102765, f1: 0.6240852130325815
Accuracy: 0.38932806324110675, f1: 0.6488888888888888
avg_accuracy: 0.3690217391304348 +- 0.07180668746748335
avg_f1: 0.6021288213485181 +- 0.06512604715078124
