Accuracy: 0.3774703557312253, f1: 0.5395173453996983
Accuracy: 0.26778656126482214, f1: 0.5885515346722243
Accuracy: 0.2994071146245059, f1: 0.5613553113553114
Accuracy: 0.26679841897233203, f1: 0.5678321678321678
Accuracy: 0.2890316205533597, f1: 0.5025252525252525
Accuracy: 0.366600790513834, f1: 0.5850757575757576
Accuracy: 0.4105731225296443, f1: 0.6389652014652014
Accuracy: 0.30039525691699603, f1: 0.549908424908425
Accuracy: 0.2781620553359684, f1: 0.566117268163304
Accuracy: 0.2766798418972332, f1: 0.593030303030303
avg_accuracy: 0.3132905138339921 +- 0.051831938317973794
avg_f1: 0.5692878566927645 +- 0.03626012687296334
