Accuracy: 0.3651185770750988, f1: 0.7910443722943723
Accuracy: 0.37796442687747034, f1: 0.6933627171376717
Accuracy: 0.37549407114624506, f1: 0.8158761528326746
Accuracy: 0.33300395256917, f1: 0.7505472788081484
Accuracy: 0.3023715415019763, f1: 0.7144303065355697
Accuracy: 0.3759881422924901, f1: 0.7693965517241379
Accuracy: 0.33349802371541504, f1: 0.6876829442421646
Accuracy: 0.2776679841897233, f1: 0.7533699059561129
Accuracy: 0.35523715415019763, f1: 0.749615975422427
Accuracy: 0.32164031620553357, f1: 0.7301864801864801
avg_accuracy: 0.34179841897233204 +- 0.03424831431603725
avg_f1: 0.7455512685139759 +- 0.040774994071179585
