Accuracy: 0.4871541501976284, f1: 0.8915584415584416
Accuracy: 0.5558300395256917, f1: 0.8658441558441559
Accuracy: 0.500494071146245, f1: 0.898011982570806
Accuracy: 0.5227272727272727, f1: 0.8539922248803827
Accuracy: 0.4866600790513834, f1: 0.8271450897358338
Accuracy: 0.5884387351778656, f1: 0.9183882783882784
Accuracy: 0.4224308300395257, f1: 0.8535221674876847
Accuracy: 0.5889328063241107, f1: 0.8931746031746032
Accuracy: 0.5227272727272727, f1: 0.8942384370015949
Accuracy: 0.5335968379446641, f1: 0.8152904640116916
avg_accuracy: 0.520899209486166 +- 0.05055434107786154
avg_f1: 0.8711165844653472 +- 0.03346254130997001
