Accuracy: 0.4654150197628458, f1: 0.6749287749287749
Accuracy: 0.48962450592885376, f1: 0.7133145115753812
Accuracy: 0.4772727272727273, f1: 0.6927635327635328
Accuracy: 0.5232213438735178, f1: 0.7005769230769231
Accuracy: 0.433300395256917, f1: 0.6652447552447552
Accuracy: 0.4688735177865613, f1: 0.6865934065934066
Accuracy: 0.45849802371541504, f1: 0.6557601880877743
Accuracy: 0.433300395256917, f1: 0.6918831168831169
Accuracy: 0.466403162055336, f1: 0.7025442834138487
Accuracy: 0.4105731225296443, f1: 0.695995752123938
avg_accuracy: 0.4626482213438735 +- 0.031837849931992866
avg_f1: 0.6879605244691451 +- 0.017770975231963304
