Accuracy: 0.22134387351778656, f1: 0.454364600916325
Accuracy: 0.21146245059288538, f1: 0.5342809364548495
Accuracy: 0.25592885375494073, f1: 0.49628299120234604
Accuracy: 0.2124505928853755, f1: 0.5347826086956522
Accuracy: 0.18873517786561264, f1: 0.5262445887445888
Accuracy: 0.21146245059288538, f1: 0.530976557398459
Accuracy: 0.19960474308300394, f1: 0.5560431235431236
Accuracy: 0.1773715415019763, f1: 0.39326765188834156
Accuracy: 0.21146245059288538, f1: 0.6038628899835796
Accuracy: 0.2208498023715415, f1: 0.46814687894148166
avg_accuracy: 0.21106719367588933 +- 0.021033740839020435
avg_f1: 0.5098252827768747 +- 0.05915997997220884
