Accuracy: 0.6146245059288538, f1: 0.7507770007770007
Accuracy: 0.5548418972332015, f1: 0.7811507936507937
Accuracy: 0.5657114624505929, f1: 0.8219367588932807
Accuracy: 0.566699604743083, f1: 0.783823815073815
Accuracy: 0.5192687747035573, f1: 0.6608439201451906
Accuracy: 0.6778656126482213, f1: 0.8738497814584771
Accuracy: 0.6210474308300395, f1: 0.7932380136096826
Accuracy: 0.5874505928853755, f1: 0.7610115578865579
Accuracy: 0.6329051383399209, f1: 0.8228571428571428
Accuracy: 0.6329051383399209, f1: 0.8672222222222222
avg_accuracy: 0.5973320158102766 +- 0.04691970889733755
avg_f1: 0.7916711006574163 +- 0.061691603012174974
