Accuracy: 0.1783596837944664, f1: 0.443956043956044
Accuracy: 0.2890316205533597, f1: 0.5646095602992155
Accuracy: 0.22134387351778656, f1: 0.5351966873706004
Accuracy: 0.18873517786561264, f1: 0.538559558720849
Accuracy: 0.16650197628458496, f1: 0.5223403335926022
Accuracy: 0.17687747035573123, f1: 0.5244824016563147
Accuracy: 0.20009881422924902, f1: 0.5344696969696969
Accuracy: 0.20009881422924902, f1: 0.6060997514824931
Accuracy: 0.2327075098814229, f1: 0.5251306165099269
Accuracy: 0.1783596837944664, f1: 0.5385375494071146
avg_accuracy: 0.20321146245059288 +- 0.03661986099583899
avg_f1: 0.5333382199964858 +- 0.04025900024505027
