Accuracy: 0.3211462450592885, f1: 0.5925147836912543
Accuracy: 0.29891304347826086, f1: 0.5630295566502463
Accuracy: 0.2781620553359684, f1: 0.529269429612679
Accuracy: 0.32361660079051385, f1: 0.5808695652173913
Accuracy: 0.25444664031620556, f1: 0.579897009308774
Accuracy: 0.27717391304347827, f1: 0.6072994987468672
Accuracy: 0.2554347826086956, f1: 0.5285964912280702
Accuracy: 0.31175889328063244, f1: 0.5811630036630037
Accuracy: 0.30039525691699603, f1: 0.6197916666666666
Accuracy: 0.30138339920948615, f1: 0.5926724137931034
avg_accuracy: 0.2922430830039526 +- 0.02495290279206086
avg_f1: 0.5775103418578056 +- 0.02998127570319667
