Accuracy: 0.6002964426877471, f1: 0.9155527708159287
Accuracy: 0.5676877470355731, f1: 0.9038194444444445
Accuracy: 0.5765810276679842, f1: 0.8888656633221851
Accuracy: 0.6432806324110671, f1: 0.9591304347826086
Accuracy: 0.5879446640316206, f1: 0.9036603493125233
Accuracy: 0.6225296442687747, f1: 0.9571428571428572
Accuracy: 0.6324110671936759, f1: 0.9434177876452918
Accuracy: 0.6230237154150198, f1: 0.8954958795112248
Accuracy: 0.5770750988142292, f1: 0.9203977272727273
Accuracy: 0.5227272727272727, f1: 0.9006650246305419
avg_accuracy: 0.5953557312252964 +- 0.036484774406216315
avg_f1: 0.9188147938880333 +- 0.025685056435471136
