Accuracy: 0.6758893280632411, f1: 0.7647176411794103
Accuracy: 0.7336956521739131, f1: 0.8203917050691244
Accuracy: 0.766798418972332, f1: 0.8465934065934066
Accuracy: 0.7322134387351779, f1: 0.8006493506493506
Accuracy: 0.6225296442687747, f1: 0.7536103743000295
Accuracy: 0.6566205533596838, f1: 0.766904761904762
Accuracy: 0.6674901185770751, f1: 0.7958981551407919
Accuracy: 0.7129446640316206, f1: 0.8212037037037037
Accuracy: 0.6546442687747036, f1: 0.7702961980548187
Accuracy: 0.7672924901185771, f1: 0.8747632232270961
avg_accuracy: 0.69901185770751 +- 0.050442489082364844
avg_f1: 0.8015028519822494 +- 0.03943351334064337
