Accuracy: 0.23320158102766797, f1: 0.5760366344605474
Accuracy: 0.18873517786561264, f1: 0.5140151515151515
Accuracy: 0.17638339920948617, f1: 0.5496279637958799
Accuracy: 0.14476284584980237, f1: 0.5499572649572649
Accuracy: 0.23221343873517786, f1: 0.6006728778467909
Accuracy: 0.24308300395256915, f1: 0.5756043525440078
Accuracy: 0.2450592885375494, f1: 0.5662948162948163
Accuracy: 0.1773715415019763, f1: 0.5684615384615385
Accuracy: 0.28804347826086957, f1: 0.656024531024531
Accuracy: 0.25592885375494073, f1: 0.5775501672240803
avg_accuracy: 0.2184782608695652 +- 0.04439669058383763
avg_f1: 0.5734245298124608 +- 0.03699212479907172
