Accuracy: 0.5321146245059288, f1: 0.7974264334108605
Accuracy: 0.5642292490118577, f1: 0.8264285714285714
Accuracy: 0.5449604743083004, f1: 0.7806532721542454
Accuracy: 0.6230237154150198, f1: 0.8394155844155844
Accuracy: 0.45454545454545453, f1: 0.7159455128205128
Accuracy: 0.575098814229249, f1: 0.797979797979798
Accuracy: 0.5222332015810277, f1: 0.7907046657046657
Accuracy: 0.5553359683794467, f1: 0.7952380952380952
Accuracy: 0.5103754940711462, f1: 0.7771377368151562
Accuracy: 0.5217391304347826, f1: 0.7906131225096742
avg_accuracy: 0.5403656126482214 +- 0.044549311523671135
avg_f1: 0.7911542792477164 +- 0.03272719325374832
