Accuracy: 0.25592885375494073, f1: 0.5301258195995038
Accuracy: 0.24456521739130432, f1: 0.5892375168690958
Accuracy: 0.16699604743083002, f1: 0.4912145650048876
Accuracy: 0.12203557312252963, f1: 0.3685300207039337
Accuracy: 0.16650197628458496, f1: 0.407022607022607
Accuracy: 0.13191699604743082, f1: 0.4352596429058198
Accuracy: 0.12154150197628458, f1: 0.44636869028349757
Accuracy: 0.11116600790513834, f1: 0.4263888888888889
Accuracy: 0.1773715415019763, f1: 0.5307142857142857
Accuracy: 0.22233201581027667, f1: 0.48163919413919415
avg_accuracy: 0.17203557312252965 +- 0.052995921718332804
avg_f1: 0.4706501231131714 +- 0.06669149125822803
