Accuracy: 0.6669960474308301, f1: 0.7675564690182382
Accuracy: 0.6017786561264822, f1: 0.7038095238095238
Accuracy: 0.6566205533596838, f1: 0.7480331262939959
Accuracy: 0.6348814229249011, f1: 0.7419617419617419
Accuracy: 0.6343873517786561, f1: 0.7102150537634409
Accuracy: 0.5795454545454545, f1: 0.7159523809523809
Accuracy: 0.6012845849802371, f1: 0.7023666738059542
Accuracy: 0.6452569169960474, f1: 0.7610851167822682
Accuracy: 0.6210474308300395, f1: 0.7317535153019024
Accuracy: 0.6220355731225297, f1: 0.7642806267806268
avg_accuracy: 0.6263833992094862 +- 0.02694165525840592
avg_f1: 0.7347014228470073 +- 0.025474548614087694
