Accuracy: 0.49011857707509876, f1: 0.7604395604395604
Accuracy: 0.4901185770750988, f1: 0.7706020110245628
Accuracy: 0.4115612648221344, f1: 0.7187756480182848
Accuracy: 0.532608695652174, f1: 0.7636363636363637
Accuracy: 0.48863636363636365, f1: 0.757437275985663
Accuracy: 0.5227272727272727, f1: 0.7631124913733609
Accuracy: 0.46640316205533594, f1: 0.7787037037037037
Accuracy: 0.4792490118577075, f1: 0.7902971102971103
Accuracy: 0.41205533596837945, f1: 0.6871794871794872
Accuracy: 0.44466403162055335, f1: 0.691210277214334
avg_accuracy: 0.47381422924901184 +- 0.04112909427875617
avg_f1: 0.7481393928872431 +- 0.03611305982144709
