Accuracy: 0.6215415019762845, f1: 0.7577777777777778
Accuracy: 0.6551383399209486, f1: 0.7969957329027794
Accuracy: 0.6096837944664032, f1: 0.7206201802975997
Accuracy: 0.5785573122529645, f1: 0.7278149386845039
Accuracy: 0.6091897233201581, f1: 0.7131987577639751
Accuracy: 0.7099802371541502, f1: 0.8402218471183989
Accuracy: 0.6101778656126482, f1: 0.7238218390804597
Accuracy: 0.5558300395256917, f1: 0.7169612794612794
Accuracy: 0.6329051383399209, f1: 0.7283790283790283
Accuracy: 0.54100790513834, f1: 0.6681141439205955
avg_accuracy: 0.612401185770751 +- 0.048668306828254
avg_f1: 0.7393905525386397 +- 0.04823871873462145
