Accuracy: 0.3433794466403162, f1: 0.6220137299771167
Accuracy: 0.22233201581027667, f1: 0.5899516908212561
Accuracy: 0.17984189723320157, f1: 0.4656796601699151
Accuracy: 0.31126482213438733, f1: 0.5415151515151515
Accuracy: 0.2653162055335968, f1: 0.5824972129319955
Accuracy: 0.30978260869565216, f1: 0.6109427609427609
Accuracy: 0.20108695652173914, f1: 0.529270435446906
Accuracy: 0.24456521739130432, f1: 0.5609340958605664
Accuracy: 0.2890316205533597, f1: 0.6163419913419913
Accuracy: 0.2776679841897233, f1: 0.5963827838827839
avg_accuracy: 0.2644268774703557 +- 0.0522802088901524
avg_f1: 0.5715529512890444 +- 0.0485234317845487
