Accuracy: 0.23369565217391303, f1: 0.537159991432855
Accuracy: 0.25494071146245056, f1: 0.576258272378962
Accuracy: 0.20059288537549408, f1: 0.48425157169314503
Accuracy: 0.2672924901185771, f1: 0.5976780656414524
Accuracy: 0.26679841897233203, f1: 0.4985245472501844
Accuracy: 0.19960474308300397, f1: 0.49826839826839825
Accuracy: 0.1783596837944664, f1: 0.5045150501672241
Accuracy: 0.15464426877470355, f1: 0.5092592592592593
Accuracy: 0.21096837944664032, f1: 0.5027114710618547
Accuracy: 0.2440711462450593, f1: 0.5404876926616057
avg_accuracy: 0.22109683794466403 +- 0.038415774686605016
avg_f1: 0.524911431981494 +- 0.03732338027328217
