Accuracy: 0.4782608695652174, f1: 0.583128078817734
Accuracy: 0.5642292490118577, f1: 0.7033577228479777
Accuracy: 0.5439723320158103, f1: 0.684981684981685
Accuracy: 0.5424901185770751, f1: 0.6677841634738186
Accuracy: 0.3231225296442688, f1: 0.38120670995670997
Accuracy: 0.5795454545454546, f1: 0.6790709290709291
Accuracy: 0.5419960474308301, f1: 0.6869628647214854
Accuracy: 0.5103754940711462, f1: 0.6295767195767196
Accuracy: 0.5553359683794467, f1: 0.6646739130434782
Accuracy: 0.5459486166007905, f1: 0.7408959656793994
avg_accuracy: 0.5185276679841897 +- 0.07420841526875702
avg_f1: 0.6421638752169937 +- 0.10088528271171823
