Accuracy: 0.1783596837944664, f1: 0.36317988064791135
Accuracy: 0.2440711462450593, f1: 0.5208989095195992
Accuracy: 0.23320158102766797, f1: 0.5099263894000736
Accuracy: 0.23221343873517786, f1: 0.46495123650296066
Accuracy: 0.21096837944664032, f1: 0.432514245014245
Accuracy: 0.24456521739130435, f1: 0.4917506326201978
Accuracy: 0.1892292490118577, f1: 0.4517408906882591
Accuracy: 0.21146245059288538, f1: 0.41831670056784476
Accuracy: 0.22282608695652173, f1: 0.48333333333333334
Accuracy: 0.17786561264822134, f1: 0.47303167420814485
avg_accuracy: 0.21447628458498025 +- 0.02542901629876402
avg_f1: 0.46096438925025696 +- 0.04699198518117547
