Accuracy: 0.36561264822134387, f1: 0.6197903246179108
Accuracy: 0.34436758893280633, f1: 0.5783333333333334
Accuracy: 0.3547430830039526, f1: 0.6232147418354315
Accuracy: 0.36709486166007904, f1: 0.555810377543676
Accuracy: 0.36709486166007904, f1: 0.5857057185692868
Accuracy: 0.32164031620553357, f1: 0.5217845117845118
Accuracy: 0.36808300395256915, f1: 0.5760565095603459
Accuracy: 0.366600790513834, f1: 0.5861497326203209
Accuracy: 0.4100790513833992, f1: 0.6503703703703704
Accuracy: 0.366600790513834, f1: 0.5869905956112853
avg_accuracy: 0.36319169960474307 +- 0.022196512449783712
avg_f1: 0.5884206215846473 +- 0.03621763973614233
