Accuracy: 0.9444444444444444, f1: 0.9731225296442688
Accuracy: 0.9444444444444444, f1: 0.9807780320366133
Accuracy: 0.9333333333333333, f1: 0.9848527349228612
Accuracy: 0.9, f1: 0.9643892339544513
Accuracy: 0.9444444444444444, f1: 0.9786666666666667
Accuracy: 0.9666666666666667, f1: 0.9813387423935092
Accuracy: 0.9555555555555555, f1: 0.9830687830687831
Accuracy: 0.9666666666666667, f1: 0.9802352941176471
Accuracy: 0.9333333333333333, f1: 0.979539641943734
Accuracy: 0.9333333333333333, f1: 0.9663959229176621
avg_accuracy: 0.9422222222222222 +- 0.019457667461575838
avg_f1: 0.9772387581666196 +- 0.006970023633798932
