Accuracy: 0.8893280632411067, f1: 0.9913793103448276
Accuracy: 0.9219367588932806, f1: 0.99
Accuracy: 0.8883399209486166, f1: 0.9711021505376344
Accuracy: 0.8883399209486166, f1: 0.9919354838709677
Accuracy: 0.8878458498023716, f1: 0.9913793103448276
Accuracy: 0.9224308300395256, f1: 0.9919354838709677
Accuracy: 0.8888339920948616, f1: 0.9919354838709677
Accuracy: 0.8656126482213439, f1: 0.9907407407407407
Accuracy: 0.8656126482213439, f1: 0.9772727272727273
Accuracy: 0.9115612648221344, f1: 0.9924242424242424
avg_accuracy: 0.8929841897233202 +- 0.020135647158225307
avg_f1: 0.9880104933277903 +- 0.0074610079231551855
