Accuracy: 0.7647058823529411, f1: 0.9887640449438202
Accuracy: 0.7411764705882353, f1: 0.8636363636363636
Accuracy: 0.5176470588235295, f1: 0.9047619047619048
Accuracy: 0.6705882352941176, f1: 0.8571428571428571
Accuracy: 0.8117647058823529, f1: 0.9885057471264368
Accuracy: 0.8352941176470589, f1: 0.968421052631579
Accuracy: 0.5411764705882353, f1: 0.8910891089108911
Accuracy: 0.7647058823529411, f1: 0.8602150537634409
Accuracy: 0.6, f1: 0.8846153846153846
Accuracy: 0.7411764705882353, f1: 0.8735632183908046
avg_accuracy: 0.6988235294117647 +- 0.11149951338030403
avg_f1: 0.9080714735923483 +- 0.053251851040075314
