Accuracy: 0.8777777777777778, f1: 0.990990990990991
Accuracy: 0.9222222222222223, f1: 0.991869918699187
Accuracy: 0.9111111111111111, f1: 0.990990990990991
Accuracy: 0.9, f1: 0.990990990990991
Accuracy: 0.8666666666666667, f1: 0.989247311827957
Accuracy: 0.9, f1: 0.991869918699187
Accuracy: 0.9, f1: 0.9904761904761905
Accuracy: 0.8555555555555556, f1: 0.989247311827957
Accuracy: 0.9111111111111111, f1: 0.991869918699187
Accuracy: 0.9, f1: 0.9922480620155039
avg_accuracy: 0.8944444444444445 +- 0.0211143597240581
avg_f1: 0.9909801605218143 +- 0.0010667942598679271
