Accuracy: 0.6, f1: 0.7126436781609196
Accuracy: 0.7411764705882353, f1: 0.897196261682243
Accuracy: 0.8, f1: 0.8421052631578947
Accuracy: 0.7764705882352941, f1: 0.8865979381443299
Accuracy: 0.8352941176470589, f1: 0.8737864077669902
Accuracy: 0.8470588235294118, f1: 0.8910891089108911
Accuracy: 0.8588235294117647, f1: 0.9183673469387755
Accuracy: 0.7529411764705882, f1: 0.8288288288288288
Accuracy: 0.6235294117647059, f1: 0.7592592592592593
Accuracy: 0.7294117647058823, f1: 0.8260869565217391
avg_accuracy: 0.7564705882352941 +- 0.08839636714227755
avg_f1: 0.8435961049371872 +- 0.06520737846179078
