Accuracy: 1.0, f1: 1.0
Accuracy: 1.0, f1: 1.0
Accuracy: 0.9888888888888889, f1: 0.991304347826087
Accuracy: 1.0, f1: 1.0
Accuracy: 0.9888888888888889, f1: 0.991304347826087
Accuracy: 0.9777777777777777, f1: 1.0
Accuracy: 0.9888888888888889, f1: 1.0
Accuracy: 1.0, f1: 1.0
Accuracy: 1.0, f1: 1.0
Accuracy: 1.0, f1: 1.0
avg_accuracy: 0.9944444444444445 +- 0.00785674201318386
avg_f1: 0.9982608695652174 +- 0.0036664088813546216
