Accuracy: 0.7647058823529411, f1: 0.9285714285714286
Accuracy: 0.6941176470588235, f1: 0.8421052631578947
Accuracy: 0.8, f1: 0.9690721649484536
Accuracy: 0.7294117647058823, f1: 0.9772727272727273
Accuracy: 0.7176470588235294, f1: 0.989010989010989
Accuracy: 0.7176470588235294, f1: 0.9292929292929293
Accuracy: 0.6941176470588235, f1: 0.9047619047619048
Accuracy: 0.5294117647058824, f1: 0.8260869565217391
Accuracy: 0.5529411764705883, f1: 0.875
Accuracy: 0.5411764705882353, f1: 0.845360824742268
avg_accuracy: 0.6741176470588235 +- 0.09718055349159084
avg_f1: 0.9086535188280335 +- 0.059664447474270736
