Accuracy: 1.0, f1: 1.0
Accuracy: 1.0, f1: 1.0
Accuracy: 1.0, f1: 1.0
Accuracy: 1.0, f1: 1.0
Accuracy: 1.0, f1: 1.0
Accuracy: 0.9891304347826086, f1: 0.9907407407407407
Accuracy: 0.9886363636363636, f1: 0.9924242424242424
Accuracy: 1.0, f1: 1.0
Accuracy: 1.0, f1: 1.0
Accuracy: 0.9891304347826086, f1: 1.0
avg_accuracy: 0.9966897233201581 +- 0.005331747789985681
avg_f1: 0.9983164983164983 +- 0.0035712463696290363
