Accuracy: 0.8117647058823529, f1: 0.9807692307692307
Accuracy: 0.6941176470588235, f1: 0.8941176470588236
Accuracy: 0.7058823529411765, f1: 0.9156626506024096
Accuracy: 0.8117647058823529, f1: 0.9230769230769231
Accuracy: 0.6941176470588235, f1: 0.9263157894736842
Accuracy: 0.6, f1: 0.7241379310344828
Accuracy: 0.7647058823529411, f1: 0.9767441860465116
Accuracy: 0.8117647058823529, f1: 0.912621359223301
Accuracy: 0.49411764705882355, f1: 0.6526315789473685
Accuracy: 0.9176470588235294, f1: 0.9902912621359223
avg_accuracy: 0.7305882352941176 +- 0.12118218147593496
avg_f1: 0.8896368558368657 +- 0.11218773490969937
