Accuracy: 0.9888888888888889, f1: 0.990909090909091
Accuracy: 1.0, f1: 1.0
Accuracy: 0.9888888888888889, f1: 0.9918032786885246
Accuracy: 0.9888888888888889, f1: 0.9888888888888889
Accuracy: 0.9777777777777779, f1: 0.9814814814814814
Accuracy: 0.9888888888888889, f1: 0.9897959183673469
Accuracy: 0.9777777777777779, f1: 0.9915254237288136
Accuracy: 1.0, f1: 1.0
Accuracy: 1.0, f1: 1.0
Accuracy: 0.9888888888888889, f1: 0.9912280701754386
avg_accuracy: 0.99 +- 0.008198497637473547
avg_f1: 0.9925632152239585 +- 0.005925969084731554
