Accuracy: 0.9555555555555555, f1: 0.9827586206896552
Accuracy: 0.9333333333333333, f1: 0.9723905723905724
Accuracy: 0.9444444444444444, f1: 0.97270955165692
Accuracy: 0.9111111111111112, f1: 0.9666666666666667
Accuracy: 0.9333333333333333, f1: 0.9642401021711366
Accuracy: 0.8888888888888888, f1: 0.9655172413793103
Accuracy: 0.9555555555555555, f1: 0.9915254237288136
Accuracy: 0.9444444444444444, f1: 0.9814241486068112
Accuracy: 0.8777777777777778, f1: 0.9782608695652174
Accuracy: 0.9333333333333333, f1: 0.9666666666666667
avg_accuracy: 0.9277777777777778 +- 0.026835882863313763
avg_f1: 0.974215986352177 +- 0.009041166796398586
