Accuracy: 0.9, f1: 0.9866666666666667
Accuracy: 0.9, f1: 0.9866666666666667
Accuracy: 0.9, f1: 0.992
Accuracy: 0.9, f1: 0.9904761904761905
Accuracy: 0.8777777777777778, f1: 0.9894736842105263
Accuracy: 0.9, f1: 0.9904761904761905
Accuracy: 0.8777777777777778, f1: 0.991304347826087
Accuracy: 0.8777777777777778, f1: 0.9894736842105263
Accuracy: 0.8666666666666667, f1: 0.992
Accuracy: 0.8888888888888888, f1: 0.9882352941176471
avg_accuracy: 0.8888888888888888 +- 0.012830005981991693
avg_f1: 0.9896772724650501 +- 0.0019721317587949815
