Accuracy: 0.966897233201581, f1: 0.9821200510855683
Accuracy: 0.9560276679841897, f1: 0.9813793103448276
Accuracy: 0.9560276679841897, f1: 0.9788359788359788
Accuracy: 0.9441699604743083, f1: 0.9827586206896552
Accuracy: 0.9560276679841897, f1: 0.9813793103448276
Accuracy: 0.9105731225296443, f1: 0.945026455026455
Accuracy: 0.966897233201581, f1: 0.9826762246117084
Accuracy: 0.9451581027667985, f1: 0.9804318488529015
Accuracy: 0.9219367588932806, f1: 0.9623239079760819
Accuracy: 0.9560276679841897, f1: 0.9780952380952381
avg_accuracy: 0.9479743083003953 +- 0.018483588319832905
avg_f1: 0.9755026945863242 +- 0.01229985027448854
