Accuracy: 0.7411764705882353, f1: 0.8623853211009175
Accuracy: 0.6941176470588235, f1: 0.8888888888888888
Accuracy: 0.6235294117647059, f1: 0.7358490566037735
Accuracy: 0.611764705882353, f1: 0.7433628318584071
Accuracy: 0.8352941176470589, f1: 0.8761904761904762
Accuracy: 0.8117647058823529, f1: 0.9158878504672897
Accuracy: 0.6352941176470588, f1: 0.75
Accuracy: 0.49411764705882355, f1: 0.7441860465116279
Accuracy: 0.5764705882352941, f1: 0.7068965517241379
Accuracy: 0.7294117647058823, f1: 0.75
avg_accuracy: 0.6752941176470588 +- 0.10685105170777351
avg_f1: 0.7973647023345518 +- 0.07821996001700324
