Accuracy: 0.9222222222222223, f1: 0.9905660377358491
Accuracy: 0.8333333333333333, f1: 0.9878048780487805
Accuracy: 0.8777777777777778, f1: 0.990909090909091
Accuracy: 0.8999999999999999, f1: 0.990909090909091
Accuracy: 0.8999999999999999, f1: 0.9912280701754386
Accuracy: 0.8888888888888888, f1: 0.9915254237288136
Accuracy: 0.8999999999999999, f1: 0.990909090909091
Accuracy: 0.8999999999999999, f1: 0.9901960784313726
Accuracy: 0.9333333333333333, f1: 0.990909090909091
Accuracy: 0.8888888888888888, f1: 0.990909090909091
avg_accuracy: 0.8944444444444444 +- 0.026835882863313797
avg_f1: 0.9905865942665709 +- 0.001038363179230244
