Accuracy: 0.9222222222222223, f1: 0.9824561403508771
Accuracy: 0.9, f1: 0.948051948051948
Accuracy: 0.9333333333333333, f1: 0.9616228070175439
Accuracy: 0.9111111111111111, f1: 0.9644505638604773
Accuracy: 0.9222222222222223, f1: 0.9803921568627451
Accuracy: 0.9666666666666667, f1: 0.9814814814814815
Accuracy: 0.9333333333333333, f1: 0.9829580036518564
Accuracy: 0.9111111111111111, f1: 0.9777553083923155
Accuracy: 0.9222222222222223, f1: 0.9586466165413534
Accuracy: 0.9333333333333333, f1: 0.9628815628815629
avg_accuracy: 0.9255555555555556 +- 0.018182129938716412
avg_f1: 0.9700696589092161 +- 0.012406293062572519
