Accuracy: 1.0, f1: 1.0
Accuracy: 1.0, f1: 1.0
Accuracy: 0.9888888888888889, f1: 0.98989898989899
Accuracy: 1.0, f1: 1.0
Accuracy: 0.9222222222222223, f1: 0.9819291819291819
Accuracy: 0.9888888888888889, f1: 0.990990990990991
Accuracy: 1.0, f1: 1.0
Accuracy: 0.9888888888888889, f1: 1.0
Accuracy: 1.0, f1: 1.0
Accuracy: 0.9888888888888889, f1: 0.98989898989899
avg_accuracy: 0.9877777777777778 +- 0.02368633623010292
avg_f1: 0.9952718152718153 +- 0.006567768189812647
