Accuracy: 0.6235294117647059, f1: 0.9333333333333333
Accuracy: 0.5529411764705883, f1: 0.9397590361445783
Accuracy: 0.2823529411764706, f1: 0.6981132075471698
Accuracy: 0.6, f1: 0.9230769230769231
Accuracy: 0.5176470588235295, f1: 0.7
Accuracy: 0.6823529411764706, f1: 0.9072164948453608
Accuracy: 0.6705882352941176, f1: 0.9333333333333333
Accuracy: 0.6941176470588235, f1: 0.9108910891089109
Accuracy: 0.5529411764705883, f1: 0.7884615384615384
Accuracy: 0.7411764705882353, f1: 0.8780487804878049
avg_accuracy: 0.591764705882353 +- 0.13018780980121808
avg_f1: 0.8612233736338953 +- 0.09611967948567755
