Accuracy: 0.7411764705882353, f1: 0.9032258064516129
Accuracy: 0.7647058823529411, f1: 0.9090909090909091
Accuracy: 0.43529411764705883, f1: 0.7307692307692307
Accuracy: 0.7411764705882353, f1: 0.88
Accuracy: 0.7529411764705882, f1: 0.8865979381443299
Accuracy: 0.8235294117647058, f1: 0.9494949494949495
Accuracy: 0.6588235294117647, f1: 0.8636363636363636
Accuracy: 0.5882352941176471, f1: 0.847457627118644
Accuracy: 0.4470588235294118, f1: 0.9876543209876543
Accuracy: 0.6235294117647059, f1: 0.8539325842696629
avg_accuracy: 0.6576470588235294 +- 0.1340752140189427
avg_f1: 0.8811859729963357 +- 0.06840264342992544
