Accuracy: 0.6352941176470588, f1: 0.9253731343283582
Accuracy: 0.6941176470588235, f1: 0.9333333333333333
Accuracy: 0.5411764705882353, f1: 0.7961165048543689
Accuracy: 0.5411764705882353, f1: 0.9052631578947369
Accuracy: 0.8, f1: 0.9263157894736842
Accuracy: 0.38823529411764707, f1: 0.735632183908046
Accuracy: 0.7058823529411765, f1: 0.9622641509433962
Accuracy: 0.7529411764705882, f1: 0.9583333333333334
Accuracy: 0.25882352941176473, f1: 0.711864406779661
Accuracy: 0.6352941176470588, f1: 0.9176470588235294
avg_accuracy: 0.5952941176470589 +- 0.16796037686563867
avg_f1: 0.8772143053672448 +- 0.09314136912774228
