Accuracy: 0.7058823529411765, f1: 0.780952380952381
Accuracy: 0.788235294117647, f1: 0.8545454545454545
Accuracy: 0.7529411764705882, f1: 0.8282828282828283
Accuracy: 0.7411764705882353, f1: 0.8070175438596491
Accuracy: 0.7764705882352941, f1: 0.8172043010752689
Accuracy: 0.7529411764705882, f1: 0.8172043010752689
Accuracy: 0.7294117647058823, f1: 0.8541666666666666
Accuracy: 0.8823529411764706, f1: 0.9387755102040817
Accuracy: 0.8, f1: 0.8440366972477065
Accuracy: 0.8588235294117647, f1: 0.8910891089108911
avg_accuracy: 0.7788235294117647 +- 0.055956263472115964
avg_f1: 0.8433274792820197 +- 0.04525922928461649
