Accuracy: 0.8705882352941177, f1: 0.9387755102040817
Accuracy: 0.6823529411764706, f1: 0.775
Accuracy: 0.8235294117647058, f1: 0.8421052631578947
Accuracy: 0.7529411764705882, f1: 0.9647058823529412
Accuracy: 0.7647058823529411, f1: 0.9433962264150944
Accuracy: 0.611764705882353, f1: 0.7207207207207207
Accuracy: 0.9176470588235294, f1: 0.96
Accuracy: 0.7411764705882353, f1: 0.7959183673469388
Accuracy: 0.6823529411764706, f1: 0.7964601769911505
Accuracy: 0.8588235294117647, f1: 0.9387755102040817
avg_accuracy: 0.7705882352941177 +- 0.09673644222387456
avg_f1: 0.8675857657392904 +- 0.09119069151544165
