Accuracy: 0.7294117647058823, f1: 0.9574468085106383
Accuracy: 0.5294117647058824, f1: 0.8936170212765957
Accuracy: 0.6, f1: 0.9210526315789473
Accuracy: 0.6352941176470588, f1: 0.9069767441860465
Accuracy: 0.4823529411764706, f1: 0.7647058823529411
Accuracy: 0.6, f1: 0.9230769230769231
Accuracy: 0.6823529411764706, f1: 0.9473684210526315
Accuracy: 0.6470588235294118, f1: 0.9345794392523364
Accuracy: 0.5411764705882353, f1: 0.9135802469135802
Accuracy: 0.47058823529411764, f1: 0.7216494845360825
avg_accuracy: 0.591764705882353 +- 0.08520730312572536
avg_f1: 0.8884053602736722 +- 0.07941332579929389
