Accuracy: 0.6705882352941176, f1: 0.9247311827956989
Accuracy: 0.6941176470588235, f1: 0.9320388349514563
Accuracy: 0.6705882352941176, f1: 0.8979591836734694
Accuracy: 0.7176470588235294, f1: 0.8735632183908046
Accuracy: 0.6470588235294118, f1: 0.9534883720930233
Accuracy: 0.5764705882352941, f1: 0.8910891089108911
Accuracy: 0.6588235294117647, f1: 0.9247311827956989
Accuracy: 0.6588235294117647, f1: 0.9487179487179487
Accuracy: 0.5058823529411764, f1: 0.7216494845360825
Accuracy: 0.5647058823529412, f1: 0.8130081300813008
avg_accuracy: 0.6364705882352941 +- 0.06595933877318372
avg_f1: 0.8880976646946375 +- 0.07166783138631745
