Accuracy: 0.6235294117647059, f1: 0.8163265306122449
Accuracy: 0.7294117647058823, f1: 0.8
Accuracy: 0.6941176470588235, f1: 0.8037383177570093
Accuracy: 0.7294117647058823, f1: 0.8571428571428571
Accuracy: 0.8117647058823529, f1: 0.9032258064516129
Accuracy: 0.6235294117647059, f1: 0.8080808080808081
Accuracy: 0.7058823529411765, f1: 0.7710843373493976
Accuracy: 0.6941176470588235, f1: 0.813953488372093
Accuracy: 0.6823529411764706, f1: 0.7706422018348624
Accuracy: 0.5176470588235295, f1: 0.7846153846153846
avg_accuracy: 0.6811764705882353 +- 0.07891030244760289
avg_f1: 0.812880973221627 +- 0.04046519862425951
