Accuracy: 0.7529411764705882, f1: 0.8571428571428571
Accuracy: 0.611764705882353, f1: 0.7422680412371134
Accuracy: 0.6823529411764706, f1: 0.8791208791208791
Accuracy: 0.7294117647058823, f1: 0.8
Accuracy: 0.7058823529411765, f1: 0.8
Accuracy: 0.6352941176470588, f1: 0.7659574468085106
Accuracy: 0.6235294117647059, f1: 0.8080808080808081
Accuracy: 0.5176470588235295, f1: 0.6470588235294118
Accuracy: 0.7294117647058823, f1: 0.8571428571428571
Accuracy: 0.4823529411764706, f1: 0.8314606741573034
avg_accuracy: 0.6470588235294118 +- 0.0914659120760047
avg_f1: 0.798823238721974 +- 0.06808069518754735
