Accuracy: 0.9666666666666667, f1: 0.992
Accuracy: 0.9777777777777777, f1: 0.9904761904761905
Accuracy: 0.9777777777777777, f1: 0.991304347826087
Accuracy: 0.9777777777777777, f1: 0.991304347826087
Accuracy: 0.9777777777777777, f1: 0.9894736842105263
Accuracy: 0.9777777777777777, f1: 0.992
Accuracy: 0.9444444444444444, f1: 0.975
Accuracy: 0.9666666666666667, f1: 0.9894736842105263
Accuracy: 0.9777777777777777, f1: 0.991304347826087
Accuracy: 0.9777777777777777, f1: 0.991304347826087
avg_accuracy: 0.9722222222222222 +- 0.010798059064528328
avg_f1: 0.9893640950201591 +- 0.005126644078427925
