Accuracy: 0.9888888888888889, f1: 0.9882352941176471
Accuracy: 0.9888888888888889, f1: 0.9882352941176471
Accuracy: 0.9888888888888889, f1: 0.9904761904761905
Accuracy: 0.9888888888888889, f1: 0.991304347826087
Accuracy: 0.9888888888888889, f1: 0.991304347826087
Accuracy: 0.9888888888888889, f1: 0.9904761904761905
Accuracy: 0.9888888888888889, f1: 0.991304347826087
Accuracy: 0.9888888888888889, f1: 0.992
Accuracy: 0.9888888888888889, f1: 0.9925925925925926
Accuracy: 0.9888888888888889, f1: 0.9894736842105263
avg_accuracy: 0.9888888888888889 +- 0.0
avg_f1: 0.9905402289469055 +- 0.001485707078448714
