Accuracy: 0.9772727272727273, f1: 0.9868421052631579
Accuracy: 0.9782608695652174, f1: 0.9907407407407407
Accuracy: 0.9772727272727273, f1: 1.0
Accuracy: 0.9891304347826086, f1: 1.0
Accuracy: 0.9891304347826086, f1: 1.0
Accuracy: 0.9659090909090909, f1: 0.9891304347826086
Accuracy: 0.9456521739130435, f1: 0.9891304347826086
Accuracy: 0.9565217391304348, f1: 0.9792663476874003
Accuracy: 0.9772727272727273, f1: 0.9919354838709677
Accuracy: 0.9777667984189724, f1: 0.99
avg_accuracy: 0.9734189723320158 +- 0.013717433554487865
avg_f1: 0.9917045547127484 +- 0.006682777245723087
