Accuracy: 0.6705882352941176, f1: 0.7894736842105263
Accuracy: 0.8, f1: 0.8913043478260869
Accuracy: 0.7529411764705882, f1: 0.8372093023255814
Accuracy: 0.6941176470588235, f1: 0.8913043478260869
Accuracy: 0.49411764705882355, f1: 0.8
Accuracy: 0.6235294117647059, f1: 0.8155339805825242
Accuracy: 0.6235294117647059, f1: 0.7961165048543689
Accuracy: 0.5058823529411764, f1: 0.8125
Accuracy: 0.7294117647058823, f1: 0.8571428571428571
Accuracy: 0.7058823529411765, f1: 0.7441860465116279
avg_accuracy: 0.66 +- 0.10020356059703912
avg_f1: 0.823477107127966 +- 0.04648739063242607
