Accuracy: 0.5882352941176471, f1: 0.7610619469026548
Accuracy: 0.6588235294117647, f1: 0.8080808080808081
Accuracy: 0.6588235294117647, f1: 0.8431372549019608
Accuracy: 0.6470588235294118, f1: 0.8163265306122449
Accuracy: 0.5764705882352941, f1: 0.7358490566037735
Accuracy: 0.5882352941176471, f1: 0.9026548672566371
Accuracy: 0.611764705882353, f1: 0.78
Accuracy: 0.6, f1: 0.8113207547169812
Accuracy: 0.6352941176470588, f1: 0.7924528301886793
Accuracy: 0.6352941176470588, f1: 0.8037383177570093
avg_accuracy: 0.62 +- 0.030903354203679286
avg_f1: 0.805462236702075 +- 0.04553746820164671
