Accuracy: 0.6823529411764706, f1: 0.8113207547169812
Accuracy: 0.7058823529411765, f1: 0.8888888888888888
Accuracy: 0.6470588235294118, f1: 0.7586206896551724
Accuracy: 0.611764705882353, f1: 0.8269230769230769
Accuracy: 0.7058823529411765, f1: 0.8627450980392157
Accuracy: 0.7058823529411765, f1: 0.8888888888888888
Accuracy: 0.6588235294117647, f1: 0.8247422680412371
Accuracy: 0.6588235294117647, f1: 0.8080808080808081
Accuracy: 0.6823529411764706, f1: 0.819047619047619
Accuracy: 0.6588235294117647, f1: 0.8148148148148148
avg_accuracy: 0.6717647058823529 +- 0.03060331453353204
avg_f1: 0.8304072907096702 +- 0.03988652220174757
