Accuracy: 0.9777777777777777, f1: 0.990990990990991
Accuracy: 0.9888888888888889, f1: 1.0
Accuracy: 0.9777777777777777, f1: 0.98989898989899
Accuracy: 0.9777777777777777, f1: 0.98989898989899
Accuracy: 0.9444444444444444, f1: 0.9841269841269841
Accuracy: 0.9666666666666667, f1: 0.990990990990991
Accuracy: 0.9777777777777777, f1: 0.9914529914529915
Accuracy: 0.9444444444444444, f1: 0.9813519813519813
Accuracy: 0.9111111111111111, f1: 0.9776576576576577
Accuracy: 0.9777777777777777, f1: 0.9904761904761905
avg_accuracy: 0.9644444444444444 +- 0.023888171106069778
avg_f1: 0.9886845766845767 +- 0.006223905931439797
