Accuracy: 0.6, f1: 0.8113207547169812
Accuracy: 0.6470588235294118, f1: 0.7586206896551724
Accuracy: 0.6, f1: 0.7166666666666667
Accuracy: 0.5882352941176471, f1: 0.8297872340425532
Accuracy: 0.611764705882353, f1: 0.9213483146067416
Accuracy: 0.6823529411764706, f1: 0.8113207547169812
Accuracy: 0.7058823529411765, f1: 0.8888888888888888
Accuracy: 0.6352941176470588, f1: 0.9347826086956522
Accuracy: 0.6941176470588235, f1: 0.8775510204081632
Accuracy: 0.3764705882352941, f1: 0.5054945054945055
avg_accuracy: 0.6141176470588235 +- 0.09342885209447288
avg_f1: 0.8055781437892306 +- 0.12606426045087354
