Accuracy: 0.9886363636363636, f1: 0.9891304347826086
Accuracy: 0.9886363636363636, f1: 0.9880952380952381
Accuracy: 0.9886363636363636, f1: 0.99
Accuracy: 0.9886363636363636, f1: 0.9919354838709677
Accuracy: 0.9886363636363636, f1: 0.9924242424242424
Accuracy: 0.9886363636363636, f1: 0.99
Accuracy: 0.9886363636363636, f1: 0.9913793103448276
Accuracy: 0.9891304347826086, f1: 0.9919354838709677
Accuracy: 0.9891304347826086, f1: 0.9852941176470589
Accuracy: 0.9886363636363636, f1: 0.9913793103448276
avg_accuracy: 0.9887351778656126 +- 0.00020831868644058008
avg_f1: 0.9901573621380739 +- 0.0021973747693202297
