Accuracy: 0.9888888888888889, f1: 0.9904761904761905
Accuracy: 0.9888888888888889, f1: 0.991869918699187
Accuracy: 0.9888888888888889, f1: 0.989247311827957
Accuracy: 0.9888888888888889, f1: 0.98989898989899
Accuracy: 0.9888888888888889, f1: 0.989247311827957
Accuracy: 0.9888888888888889, f1: 0.98989898989899
Accuracy: 0.9777777777777777, f1: 0.991869918699187
Accuracy: 0.9888888888888889, f1: 0.9914529914529915
Accuracy: 0.9444444444444444, f1: 0.9474254742547426
Accuracy: 0.9888888888888889, f1: 0.98989898989899
avg_accuracy: 0.9833333333333334 +- 0.014103283529377631
avg_f1: 0.9861286086935183 +- 0.01363495653523597
