Accuracy: 0.6705882352941176, f1: 0.7526881720430108
Accuracy: 0.6, f1: 0.6956521739130435
Accuracy: 0.5294117647058824, f1: 0.8817204301075269
Accuracy: 0.4823529411764706, f1: 0.7073170731707317
Accuracy: 0.8470588235294118, f1: 0.9361702127659575
Accuracy: 0.7294117647058823, f1: 0.8
Accuracy: 0.47058823529411764, f1: 0.8181818181818182
Accuracy: 0.6352941176470588, f1: 0.7126436781609196
Accuracy: 0.49411764705882355, f1: 0.7321428571428571
Accuracy: 0.7058823529411765, f1: 0.7710843373493976
avg_accuracy: 0.6164705882352941 +- 0.12440709056563672
avg_f1: 0.7807600752835263 +- 0.07932928853202985
