Accuracy: 0.9111111111111111, f1: 0.9878048780487805
Accuracy: 0.9444444444444444, f1: 0.9528301886792453
Accuracy: 0.9777777777777779, f1: 0.9905660377358491
Accuracy: 0.9888888888888889, f1: 0.9901960784313726
Accuracy: 0.9888888888888889, f1: 0.990909090909091
Accuracy: 0.9888888888888889, f1: 0.990909090909091
Accuracy: 0.9888888888888889, f1: 0.9901960784313726
Accuracy: 0.9888888888888889, f1: 0.9897959183673469
Accuracy: 0.9444444444444444, f1: 0.9541910331384016
Accuracy: 0.9888888888888889, f1: 0.9905660377358491
avg_accuracy: 0.9711111111111111 +- 0.027814790156323863
avg_f1: 0.9827964432386399 +- 0.015463920281915731
