Accuracy: 0.9444444444444444, f1: 0.9723389355742297
Accuracy: 0.9444444444444444, f1: 1.0
Accuracy: 0.9888888888888889, f1: 1.0
Accuracy: 0.9222222222222223, f1: 1.0
Accuracy: 0.9444444444444444, f1: 0.990909090909091
Accuracy: 0.8999999999999999, f1: 0.990909090909091
Accuracy: 0.9333333333333333, f1: 0.9811051693404634
Accuracy: 0.9222222222222223, f1: 1.0
Accuracy: 0.9111111111111111, f1: 0.9796081567373051
Accuracy: 0.9888888888888889, f1: 1.0
avg_accuracy: 0.94 +- 0.029722077996650213
avg_f1: 0.9914870443470181 +- 0.010427322545289166
