Accuracy: 0.7058823529411765, f1: 0.8627450980392157
Accuracy: 0.6, f1: 0.8387096774193549
Accuracy: 0.5647058823529412, f1: 0.8387096774193549
Accuracy: 0.6, f1: 0.8387096774193549
Accuracy: 0.6352941176470588, f1: 0.7924528301886793
Accuracy: 0.611764705882353, f1: 0.7207207207207207
Accuracy: 0.6352941176470588, f1: 0.822429906542056
Accuracy: 0.6941176470588235, f1: 0.8888888888888888
Accuracy: 0.611764705882353, f1: 0.8210526315789474
Accuracy: 0.6588235294117647, f1: 0.8148148148148148
avg_accuracy: 0.6317647058823529 +- 0.044036963258446415
avg_f1: 0.8239233923031387 +- 0.04486791592833492
