Accuracy: 0.966897233201581, f1: 1.0
Accuracy: 1.0, f1: 1.0
Accuracy: 0.9659090909090909, f1: 0.9868421052631579
Accuracy: 0.966897233201581, f1: 0.9913793103448276
Accuracy: 1.0, f1: 1.0
Accuracy: 1.0, f1: 1.0
Accuracy: 0.9451581027667985, f1: 0.9722222222222222
Accuracy: 0.9891304347826086, f1: 1.0
Accuracy: 0.9105731225296443, f1: 0.9741379310344828
Accuracy: 0.9886363636363636, f1: 1.0
avg_accuracy: 0.9733201581027668 +- 0.02884386430249591
avg_f1: 0.992458156886469 +- 0.011151004229785499
