Accuracy: 0.9224308300395256, f1: 0.99
Accuracy: 0.9659090909090909, f1: 1.0
Accuracy: 0.9451581027667985, f1: 0.9924242424242424
Accuracy: 0.9110671936758893, f1: 0.9800307219662059
Accuracy: 0.9555335968379446, f1: 0.9913793103448276
Accuracy: 0.9565217391304348, f1: 0.99
Accuracy: 0.9664031620553359, f1: 0.9919354838709677
Accuracy: 0.9446640316205533, f1: 0.9919354838709677
Accuracy: 0.9110671936758894, f1: 0.9924242424242424
Accuracy: 0.9555335968379447, f1: 0.9907407407407407
avg_accuracy: 0.9434288537549407 +- 0.021180809486832163
avg_f1: 0.9910870225642194 +- 0.004822028343720044
