Accuracy: 0.9886363636363636, f1: 1.0
Accuracy: 1.0, f1: 1.0
Accuracy: 0.9891304347826086, f1: 1.0
Accuracy: 0.9891304347826086, f1: 1.0
Accuracy: 0.9886363636363636, f1: 1.0
Accuracy: 0.9886363636363636, f1: 1.0
Accuracy: 0.9886363636363636, f1: 1.0
Accuracy: 0.9891304347826086, f1: 1.0
Accuracy: 0.9891304347826086, f1: 1.0
Accuracy: 0.9891304347826086, f1: 1.0
avg_accuracy: 0.9900197628458498 +- 0.003515281388525897
avg_f1: 1.0 +- 0.0
