Accuracy: 0.9441699604743083, f1: 0.9715099715099715
Accuracy: 0.9782608695652174, f1: 0.9891304347826086
Accuracy: 0.9214426877470356, f1: 0.9810659186535764
Accuracy: 0.967391304347826, f1: 0.9907407407407407
Accuracy: 0.9451581027667983, f1: 0.9735221674876847
Accuracy: 0.9451581027667985, f1: 0.9727047146401986
Accuracy: 0.9224308300395256, f1: 0.9821200510855683
Accuracy: 0.9441699604743083, f1: 0.9819354838709677
Accuracy: 0.8997035573122529, f1: 0.9619354838709677
Accuracy: 0.9446640316205533, f1: 0.9740740740740741
avg_accuracy: 0.9412549407114624 +- 0.02257093552998268
avg_f1: 0.9778739040716359 +- 0.008766158644121237
