Accuracy: 1.0, f1: 1.0
Accuracy: 1.0, f1: 1.0
Accuracy: 0.9891304347826086, f1: 0.9891304347826086
Accuracy: 1.0, f1: 1.0
Accuracy: 1.0, f1: 1.0
Accuracy: 1.0, f1: 1.0
Accuracy: 1.0, f1: 1.0
Accuracy: 1.0, f1: 1.0
Accuracy: 1.0, f1: 1.0
Accuracy: 1.0, f1: 1.0
avg_accuracy: 0.9989130434782608 +- 0.0034372583262699927
avg_f1: 0.9989130434782608 +- 0.0034372583262699927
