Accuracy: 0.9011857707509882, f1: 0.9788359788359788
Accuracy: 0.8992094861660079, f1: 0.9807407407407407
Accuracy: 0.900197628458498, f1: 0.9852941176470589
Accuracy: 0.8893280632411067, f1: 0.9843597262952102
Accuracy: 0.900197628458498, f1: 0.9827201783723523
Accuracy: 0.9219367588932806, f1: 0.984375
Accuracy: 0.8878458498023716, f1: 0.9827586206896552
Accuracy: 0.8774703557312253, f1: 0.9772727272727273
Accuracy: 0.9214426877470356, f1: 0.9800307219662059
Accuracy: 0.9120553359683794, f1: 0.9798711755233495
avg_accuracy: 0.9010869565217392 +- 0.014321057454626805
avg_f1: 0.9816258987343278 +- 0.002668928411744727
