Accuracy: 0.9219367588932806, f1: 0.9891304347826086
Accuracy: 0.9337944664031621, f1: 0.9907407407407407
Accuracy: 0.900691699604743, f1: 0.9913793103448276
Accuracy: 0.900197628458498, f1: 0.9913793103448276
Accuracy: 0.9323122529644269, f1: 0.9891304347826086
Accuracy: 0.933794466403162, f1: 0.99
Accuracy: 0.9342885375494071, f1: 0.9807692307692308
Accuracy: 0.9115612648221344, f1: 0.9919354838709677
Accuracy: 0.9219367588932806, f1: 0.9913793103448276
Accuracy: 0.8883399209486166, f1: 0.9928571428571429
avg_accuracy: 0.9178853754940711 +- 0.01679163623431685
avg_f1: 0.9898701398837783 +- 0.0034110327936857196
