Accuracy: 0.9441699604743083, f1: 0.9707692307692308
Accuracy: 0.9342885375494071, f1: 0.9565972222222222
Accuracy: 0.9016798418972332, f1: 0.9414983164983165
Accuracy: 0.9565217391304348, f1: 0.9628571428571429
Accuracy: 0.9328063241106719, f1: 0.9443108974358975
Accuracy: 0.9664031620553359, f1: 0.9805194805194806
Accuracy: 0.9224308300395256, f1: 0.9486834733893557
Accuracy: 0.9328063241106719, f1: 0.9469348659003831
Accuracy: 0.9664031620553359, f1: 0.9813793103448276
Accuracy: 0.9446640316205533, f1: 0.9605459770114942
avg_accuracy: 0.9402173913043478 +- 0.020053040687981503
avg_f1: 0.9594095916948351 +- 0.014521541436946535
