Accuracy: 0.9886363636363636, f1: 1.0
Accuracy: 0.9886363636363636, f1: 1.0
Accuracy: 0.932806324110672, f1: 0.9722222222222222
Accuracy: 0.9664031620553359, f1: 1.0
Accuracy: 1.0, f1: 1.0
Accuracy: 0.9886363636363636, f1: 1.0
Accuracy: 0.9886363636363636, f1: 1.0
Accuracy: 0.966897233201581, f1: 1.0
Accuracy: 0.9891304347826086, f1: 1.0
Accuracy: 0.9777667984189724, f1: 0.9891304347826086
avg_accuracy: 0.9787549407114624 +- 0.019307445177539965
avg_f1: 0.996135265700483 +- 0.009070040268366475
