Accuracy: 0.9886363636363636, f1: 0.9880952380952381
Accuracy: 0.9886363636363636, f1: 0.9891304347826086
Accuracy: 0.9891304347826086, f1: 0.9913793103448276
Accuracy: 0.9886363636363636, f1: 0.99
Accuracy: 0.9891304347826086, f1: 0.9928571428571429
Accuracy: 0.9891304347826086, f1: 0.9913793103448276
Accuracy: 0.9891304347826086, f1: 0.9913793103448276
Accuracy: 0.9891304347826086, f1: 0.9907407407407407
Accuracy: 0.9886363636363636, f1: 0.9919354838709677
Accuracy: 0.9891304347826086, f1: 0.9891304347826086
avg_accuracy: 0.9889328063241106 +- 0.00025513724283313306
avg_f1: 0.990602740616379 +- 0.0014784749571408722
