Accuracy: 0.9891304347826086, f1: 0.9907407407407407
Accuracy: 0.9886363636363636, f1: 0.9919354838709677
Accuracy: 0.9891304347826086, f1: 0.9919354838709677
Accuracy: 0.9891304347826086, f1: 0.9907407407407407
Accuracy: 0.9886363636363636, f1: 0.9880952380952381
Accuracy: 0.9891304347826086, f1: 0.99
Accuracy: 0.9886363636363636, f1: 0.9891304347826086
Accuracy: 0.9891304347826086, f1: 0.9891304347826086
Accuracy: 0.9891304347826086, f1: 0.99
Accuracy: 0.9886363636363636, f1: 0.9868421052631579
avg_accuracy: 0.9889328063241106 +- 0.00025513724283313306
avg_f1: 0.989855066214703 +- 0.0016156263221609806
