Accuracy: 0.9886363636363636, f1: 1.0
Accuracy: 0.9777667984189724, f1: 1.0
Accuracy: 1.0, f1: 1.0
Accuracy: 0.9772727272727273, f1: 0.9913793103448276
Accuracy: 0.9891304347826086, f1: 0.9913793103448276
Accuracy: 0.9891304347826086, f1: 1.0
Accuracy: 0.9886363636363636, f1: 0.9913793103448276
Accuracy: 0.9886363636363636, f1: 1.0
Accuracy: 0.9886363636363636, f1: 1.0
Accuracy: 1.0, f1: 1.0
avg_accuracy: 0.9887845849802371 +- 0.00749675973824917
avg_f1: 0.9974137931034482 +- 0.00416418872016936
