Accuracy: 1.0, f1: 1.0
Accuracy: 1.0, f1: 1.0
Accuracy: 1.0, f1: 1.0
Accuracy: 0.9891304347826086, f1: 0.9919354838709677
Accuracy: 1.0, f1: 1.0
Accuracy: 1.0, f1: 1.0
Accuracy: 0.9545454545454546, f1: 1.0
Accuracy: 1.0, f1: 1.0
Accuracy: 0.9659090909090909, f1: 1.0
Accuracy: 1.0, f1: 1.0
avg_accuracy: 0.9909584980237154 +- 0.016762940783060395
avg_f1: 0.9991935483870967 +- 0.0025502239194906263
