Accuracy: 0.9782608695652174, f1: 0.9807407407407407
Accuracy: 0.966897233201581, f1: 0.9807407407407407
Accuracy: 0.967391304347826, f1: 0.9772357723577236
Accuracy: 0.9777667984189724, f1: 0.9800853485064012
Accuracy: 0.9782608695652174, f1: 0.9807407407407407
Accuracy: 0.9777667984189724, f1: 0.9798711755233495
Accuracy: 0.9772727272727273, f1: 0.9791666666666666
Accuracy: 0.9777667984189724, f1: 0.9788359788359788
Accuracy: 0.966897233201581, f1: 0.9800307219662059
Accuracy: 0.9777667984189724, f1: 0.9807407407407407
avg_accuracy: 0.974604743083004 +- 0.005214212976364946
avg_f1: 0.9798188626819289 +- 0.001134403819221912
