Accuracy: 0.9105731225296443, f1: 0.99
Accuracy: 0.9115612648221344, f1: 0.9907407407407407
Accuracy: 0.9219367588932806, f1: 0.99
Accuracy: 0.9105731225296443, f1: 0.9891304347826086
Accuracy: 0.9446640316205533, f1: 0.9891304347826086
Accuracy: 0.9214426877470356, f1: 0.9880952380952381
Accuracy: 0.9224308300395256, f1: 0.9919354838709677
Accuracy: 0.9224308300395256, f1: 0.9913793103448276
Accuracy: 0.9451581027667983, f1: 0.9907407407407407
Accuracy: 0.8784584980237155, f1: 0.99
avg_accuracy: 0.9189229249011858 +- 0.018920695931404066
avg_f1: 0.9901152383357732 +- 0.0011427838835356273
