Accuracy: 0.9886363636363636, f1: 1.0
Accuracy: 0.9891304347826086, f1: 1.0
Accuracy: 0.9782608695652174, f1: 0.99
Accuracy: 0.9891304347826086, f1: 1.0
Accuracy: 0.9886363636363636, f1: 1.0
Accuracy: 0.9891304347826086, f1: 1.0
Accuracy: 0.9886363636363636, f1: 1.0
Accuracy: 0.9891304347826086, f1: 1.0
Accuracy: 0.9886363636363636, f1: 1.0
Accuracy: 0.9886363636363636, f1: 1.0
avg_accuracy: 0.987796442687747 +- 0.003359441593997889
avg_f1: 0.999 +- 0.003162277660168382
