Accuracy: 0.7687747035573123, f1: 0.8868267882187938
Accuracy: 0.7875494071146245, f1: 0.889944984772571
Accuracy: 0.7663043478260869, f1: 0.8481481481481481
Accuracy: 0.7574110671936759, f1: 0.8640886929806986
Accuracy: 0.7766798418972332, f1: 0.8554166666666667
Accuracy: 0.7579051383399209, f1: 0.8522256728778468
Accuracy: 0.7658102766798419, f1: 0.8687169312169312
Accuracy: 0.7648221343873518, f1: 0.86311774988082
Accuracy: 0.733201581027668, f1: 0.8392348392348392
Accuracy: 0.8458498023715415, f1: 0.9192588325652842
avg_accuracy: 0.7724308300395257 +- 0.029373304145176103
avg_f1: 0.86869793065626 +- 0.023867634999381312
