Accuracy: 0.8987154150197629, f1: 0.99
Accuracy: 0.900197628458498, f1: 0.9913793103448276
Accuracy: 0.8774703557312253, f1: 0.9664031620553359
Accuracy: 0.8888339920948617, f1: 0.9924242424242424
Accuracy: 0.8992094861660079, f1: 0.9907407407407407
Accuracy: 0.9234189723320159, f1: 0.99
Accuracy: 0.9110671936758893, f1: 0.9907407407407407
Accuracy: 0.9337944664031621, f1: 0.9919354838709677
Accuracy: 0.9120553359683794, f1: 0.9928571428571429
Accuracy: 0.9214426877470356, f1: 0.9891304347826086
avg_accuracy: 0.9066205533596838 +- 0.017043664338597175
avg_f1: 0.9885611257816607 +- 0.007871534649621653
