Accuracy: 0.9110671936758894, f1: 0.9526854219948849
Accuracy: 0.9555335968379446, f1: 0.9744245524296675
Accuracy: 0.9219367588932806, f1: 0.9443298685585437
Accuracy: 0.966897233201581, f1: 0.9718066593943172
Accuracy: 0.9451581027667985, f1: 0.9648786717752235
Accuracy: 0.9451581027667985, f1: 0.9716931216931217
Accuracy: 0.9337944664031621, f1: 0.9404533844189017
Accuracy: 0.9441699604743083, f1: 0.9715099715099715
Accuracy: 0.967391304347826, f1: 0.9745670995670996
Accuracy: 0.9451581027667985, f1: 0.9721428571428572
avg_accuracy: 0.9436264822134388 +- 0.017896700059448278
avg_f1: 0.9638491608484588 +- 0.013051564932595162
