Accuracy: 0.9891304347826086, f1: 1.0
Accuracy: 0.9886363636363636, f1: 1.0
Accuracy: 1.0, f1: 1.0
Accuracy: 1.0, f1: 1.0
Accuracy: 0.9891304347826086, f1: 1.0
Accuracy: 1.0, f1: 1.0
Accuracy: 0.9777667984189724, f1: 1.0
Accuracy: 0.9891304347826086, f1: 1.0
Accuracy: 0.9886363636363636, f1: 0.9891304347826086
Accuracy: 0.9886363636363636, f1: 0.9880952380952381
avg_accuracy: 0.9911067193675889 +- 0.007033648387372394
avg_f1: 0.9977225672877846 +- 0.004807445688576429
