Accuracy: 0.9234189723320159, f1: 0.9891304347826086
Accuracy: 0.8893280632411067, f1: 0.99
Accuracy: 0.9337944664031621, f1: 0.9891304347826086
Accuracy: 0.9224308300395256, f1: 0.9913793103448276
Accuracy: 0.9224308300395256, f1: 0.9924242424242424
Accuracy: 0.8769762845849802, f1: 0.99
Accuracy: 0.8997035573122529, f1: 0.9891304347826086
Accuracy: 0.9100790513833992, f1: 0.9913793103448276
Accuracy: 0.9224308300395256, f1: 0.9913793103448276
Accuracy: 0.8878458498023716, f1: 0.975
avg_accuracy: 0.9088438735177865 +- 0.01918095083132348
avg_f1: 0.9888953477806551 +- 0.005018303256396062
