Accuracy: 0.9229249011857708, f1: 0.9613095238095238
Accuracy: 0.9451581027667985, f1: 0.9642461755233495
Accuracy: 0.9214426877470355, f1: 0.9606060606060606
Accuracy: 0.9446640316205533, f1: 0.9620933600713013
Accuracy: 0.9110671936758894, f1: 0.9565972222222222
Accuracy: 0.9441699604743083, f1: 0.9617216117216117
Accuracy: 0.9441699604743083, f1: 0.9686520376175549
Accuracy: 0.9120553359683794, f1: 0.9474910394265232
Accuracy: 0.9337944664031621, f1: 0.9747247247247247
Accuracy: 0.9219367588932806, f1: 0.9648786717752235
avg_accuracy: 0.9301383399209486 +- 0.013861804653943198
avg_f1: 0.9622320427498096 +- 0.007158272807334007
