Accuracy: 0.9219367588932806, f1: 0.9658064516129032
Accuracy: 0.9555335968379446, f1: 0.9606060606060606
Accuracy: 0.9456521739130435, f1: 0.9696969696969697
Accuracy: 0.9664031620553359, f1: 0.9740555349565361
Accuracy: 0.966897233201581, f1: 0.9727047146401986
Accuracy: 0.9441699604743083, f1: 0.97
Accuracy: 0.9555335968379447, f1: 0.9658038627744951
Accuracy: 0.9777667984189724, f1: 0.9759725400457666
Accuracy: 0.9555335968379446, f1: 0.9702380952380952
Accuracy: 0.9446640316205533, f1: 0.975
avg_accuracy: 0.9534090909090909 +- 0.015528215880440958
avg_f1: 0.9699884229571025 +- 0.004807641707876331
