Accuracy: 0.9560276679841897, f1: 0.9655172413793104
Accuracy: 0.933300395256917, f1: 0.9633333333333334
Accuracy: 0.8651185770750989, f1: 0.9433333333333334
Accuracy: 0.932806324110672, f1: 0.9560931899641577
Accuracy: 0.900197628458498, f1: 0.941409637061811
Accuracy: 0.9565217391304348, f1: 0.9622222222222222
Accuracy: 0.9219367588932806, f1: 0.9521978021978021
Accuracy: 0.966897233201581, f1: 0.9695305708490293
Accuracy: 0.9441699604743083, f1: 0.9530646487168226
Accuracy: 0.9214426877470356, f1: 0.9600313479623824
avg_accuracy: 0.9298418972332017 +- 0.030180158464329077
avg_f1: 0.9566733327020205 +- 0.009275241057157895
