Accuracy: 0.9886363636363636, f1: 0.9907407407407407
Accuracy: 0.9886363636363636, f1: 0.9919354838709677
Accuracy: 0.9891304347826086, f1: 0.9907407407407407
Accuracy: 0.9886363636363636, f1: 0.99
Accuracy: 0.9891304347826086, f1: 0.9919354838709677
Accuracy: 0.9891304347826086, f1: 0.9868421052631579
Accuracy: 0.9891304347826086, f1: 0.9913793103448276
Accuracy: 0.9891304347826086, f1: 0.9928571428571429
Accuracy: 0.9886363636363636, f1: 0.9935897435897436
Accuracy: 0.9886363636363636, f1: 0.99
avg_accuracy: 0.9888833992094861 +- 0.0002603983580507251
avg_f1: 0.9910020751278289 +- 0.0018700078503684826
