Accuracy: 0.9664031620553359, f1: 0.9827586206896552
Accuracy: 0.966897233201581, f1: 0.9805194805194806
Accuracy: 0.9772727272727273, f1: 0.9913793103448276
Accuracy: 0.9441699604743083, f1: 0.9791304347826086
Accuracy: 0.9782608695652174, f1: 0.9907407407407407
Accuracy: 0.9777667984189724, f1: 0.9891304347826086
Accuracy: 0.966897233201581, f1: 0.9791666666666666
Accuracy: 0.9777667984189724, f1: 0.9891304347826086
Accuracy: 0.9565217391304348, f1: 1.0
Accuracy: 0.9777667984189724, f1: 0.9907407407407407
avg_accuracy: 0.9689723320158103 +- 0.01141436235100489
avg_f1: 0.9872696864049937 +- 0.00673129043137926
