Accuracy: 0.9891304347826086, f1: 0.9891304347826086
Accuracy: 0.9777667984189724, f1: 0.9919354838709677
Accuracy: 0.9891304347826086, f1: 0.9907407407407407
Accuracy: 0.9886363636363636, f1: 0.9924242424242424
Accuracy: 0.9886363636363636, f1: 0.9891304347826086
Accuracy: 0.9891304347826086, f1: 0.9868421052631579
Accuracy: 0.9886363636363636, f1: 0.9928571428571429
Accuracy: 0.9891304347826086, f1: 0.99
Accuracy: 0.9891304347826086, f1: 0.99
Accuracy: 0.9891304347826086, f1: 0.9852941176470589
avg_accuracy: 0.9878458498023716 +- 0.003549068181041067
avg_f1: 0.9898354702368528 +- 0.00239662322842109
