Accuracy: 0.9886363636363636, f1: 0.99
Accuracy: 0.9777667984189724, f1: 0.99
Accuracy: 0.9891304347826086, f1: 0.9913793103448276
Accuracy: 0.9891304347826086, f1: 0.9924242424242424
Accuracy: 0.9886363636363636, f1: 0.9891304347826086
Accuracy: 0.9891304347826086, f1: 0.99
Accuracy: 0.9886363636363636, f1: 0.99
Accuracy: 0.9891304347826086, f1: 0.99
Accuracy: 0.9891304347826086, f1: 0.9924242424242424
Accuracy: 0.9891304347826086, f1: 0.9880952380952381
avg_accuracy: 0.9878458498023716 +- 0.003549068181041067
avg_f1: 0.990345346807116 +- 0.0013682112044409347
