Accuracy: 0.9886363636363636, f1: 1.0
Accuracy: 0.9886363636363636, f1: 1.0
Accuracy: 0.9886363636363636, f1: 1.0
Accuracy: 0.9777667984189724, f1: 0.9913793103448276
Accuracy: 0.9891304347826086, f1: 1.0
Accuracy: 0.9891304347826086, f1: 1.0
Accuracy: 0.9659090909090909, f1: 1.0
Accuracy: 0.9891304347826086, f1: 1.0
Accuracy: 0.9782608695652174, f1: 1.0
Accuracy: 0.9777667984189724, f1: 1.0
avg_accuracy: 0.983300395256917 +- 0.008003342581548029
avg_f1: 0.9991379310344828 +- 0.0027261014311796253
