Accuracy: 0.9886363636363636, f1: 0.9880952380952381
Accuracy: 0.9891304347826086, f1: 0.9913793103448276
Accuracy: 0.9891304347826086, f1: 0.9907407407407407
Accuracy: 0.9886363636363636, f1: 0.9852941176470589
Accuracy: 0.9891304347826086, f1: 0.9913793103448276
Accuracy: 0.9891304347826086, f1: 0.9919354838709677
Accuracy: 0.9891304347826086, f1: 0.9924242424242424
Accuracy: 0.9451581027667985, f1: 0.9556650246305418
Accuracy: 0.9891304347826086, f1: 0.9919354838709677
Accuracy: 0.9891304347826086, f1: 0.99
avg_accuracy: 0.9846343873517787 +- 0.013872073347000349
avg_f1: 0.9868848951969412 +- 0.01118206917234114
