Accuracy: 0.9328063241106719, f1: 0.9805097451274363
Accuracy: 0.9451581027667985, f1: 0.9810659186535764
Accuracy: 0.9664031620553359, f1: 0.9819354838709677
Accuracy: 0.9659090909090909, f1: 0.9794745484400657
Accuracy: 0.9782608695652174, f1: 0.9913793103448276
Accuracy: 0.966897233201581, f1: 0.975
Accuracy: 0.9777667984189724, f1: 0.99
Accuracy: 0.9664031620553359, f1: 0.9807692307692308
Accuracy: 0.9664031620553359, f1: 0.984375
Accuracy: 0.9772727272727273, f1: 0.9913793103448276
avg_accuracy: 0.9643280632411068 +- 0.014626508782839862
avg_f1: 0.9835888547550932 +- 0.005581011299438906
