Accuracy: 0.9550395256916996, f1: 0.9663793103448276
Accuracy: 0.9777667984189724, f1: 0.9907407407407407
Accuracy: 0.9891304347826086, f1: 1.0
Accuracy: 0.9782608695652174, f1: 0.99
Accuracy: 0.9891304347826086, f1: 1.0
Accuracy: 0.9777667984189724, f1: 0.9880952380952381
Accuracy: 0.9560276679841897, f1: 0.9715909090909091
Accuracy: 0.9891304347826086, f1: 1.0
Accuracy: 0.9782608695652174, f1: 0.9907407407407407
Accuracy: 0.9441699604743083, f1: 0.99
avg_accuracy: 0.9734683794466403 +- 0.016058874624169932
avg_f1: 0.9887546939012456 +- 0.011479688568622276
